t X
0 1
0.01 0.879293425061458
0.02 0.906515210357759
0.03 1.01070088725896
0.04 0.774772395488754
0.05 0.814796722836233
0.06 0.862328442943628
0.07 0.810333862481446
0.08 0.763023518999045
0.09 0.716087714496192
0.1 0.643610086362912
0.11 0.608891051747654
0.12 0.534896577984714
0.13 0.482775022932558
0.14 0.492426001129012
0.15 0.564832386646757
0.16 0.560895519879737
0.17 0.527015551085742
0.18 0.465596401878041
0.19 0.413816342380201
0.2 0.575085373282691
0.21 0.589503017070316
0.22 0.555933565452412
0.23 0.527526560763701
0.24 0.565631746750455
0.25 0.51780177472502
0.26 0.418413184184413
0.27 0.461407048920319
0.28 0.397259167675026
0.29 0.402332431650045
0.3 0.348942186979417
0.31 0.420566945743603
0.32 0.395518526252357
0.33 0.356946469983664
0.34 0.333429343817647
0.35 0.246025750556021
0.36 0.195650429986857
0.37 0.107265562341305
0.38 0.0722734731857385
0.39 0.0736390229464341
0.4 0.0702597989850532
0.41 0.117978368016178
0.42 0.0900928662126363
0.43 0.0735177628728062
0.44 0.0751737284958653
0.45 0.0571593461575147
0.46 0.043432492178353
0.47 0.02992114280319
0.48 0.0179654188325698
0.49 0.0207646271026104
0.5 0.0233974044785163
0.51 0.00553799680212605
0.52 0.0111509406128172
0.53 0.0093297769708806
0.54 0.0094328829354799
0.55 0.0177621548353021
0.56 0.0350886447610847
0.57 0.0756046146750527
0.58 0.0635842159377396
0.59 0.113442847793113
0.6 0.0833119479176433
0.61 0.111430472569075
0.62 0.205404556676973
0.63 0.211775115340873
0.64 0.188841476168501
0.65 0.196622589945388
0.66 0.283456101850735
0.67 0.23000138678712
0.68 0.303300257738115
0.69 0.383489981539885
0.7 0.41049168725661
0.71 0.416828391959546
0.72 0.393254022224344
0.73 0.376336777503828
0.74 0.422343388029061
0.75 0.562662617115913
0.76 0.555529447116078
0.77 0.456319859917485
0.78 0.412877661998687
0.79 0.435343638787951
0.8 0.420070459420328
0.81 0.414346682245338
0.82 0.409260736411573
0.83 0.327377188703551
0.84 0.324159856336348
0.85 0.379326263725433
0.86 0.428498350901243
0.87 0.4702160759837
0.88 0.44789765611368
0.89 0.440596236495183
0.9 0.366900591053245
0.91 0.370011632180369
0.92 0.391834726592081
0.93 0.504704102153635
0.94 0.580807096075374
0.95 0.547230263474478
0.96 0.578059798890065
0.97 0.496014674609884
0.98 0.562904924501501
0.99 0.640270890890207
1 0.813593458568383
1.01 0.852847304561281
1.02 0.81047870759376
1.03 0.818315089780131
1.04 0.77467741181017
1.05 0.704229743772092
1.06 0.72120091908968
1.07 0.647874936909743
1.08 0.664933543552506
1.09 0.697229547367329
1.1 0.695906460446849
1.11 0.682602332413233
1.12 0.632150327559431
1.13 0.547593582373525
1.14 0.614963569280009
1.15 0.620567594226329
1.16 0.689835945276069
1.17 0.589591562230943
1.18 0.606674317113353
1.19 0.663040026878011
1.2 0.664270013014517
1.21 0.652028322619908
1.22 0.592370429798882
1.23 0.754854407341363
1.24 0.82251119894907
1.25 0.989727921752155
1.26 0.997795381558844
1.27 0.934746137079002
1.28 0.789090544798506
1.29 0.734694402456359
1.3 0.756744739575071
1.31 0.847359306772867
1.32 0.87215189984065
1.33 0.763983214034756
1.34 0.824793115640318
1.35 0.676686117626506
1.36 0.649823908999855
1.37 0.627842847917069
1.38 0.477192153316227
1.39 0.545976973890852
1.4 0.504493063363993
1.41 0.485722286074544
1.42 0.588098192402788
1.43 0.641042217846734
1.44 0.635950199691587
1.45 0.680561473805569
1.46 0.716694245906383
1.47 0.860301065699679
1.48 0.887287834758653
1.49 0.936103790744194
1.5 0.970369260305047
1.51 0.933504897068516
1.52 0.943601650965111
1.53 1.10335191361555
1.54 1.01034567111286
1.55 1.02248103664405
1.56 1.15999188800659
1.57 1.13312259307644
1.58 1.01966063043813
1.59 0.931634800637812
1.6 0.894662911538854
1.61 0.815568301112729
1.62 0.793874582095939
1.63 0.759011189694199
1.64 0.745473463806462
1.65 0.783164280410322
1.66 0.840610526615818
1.67 0.996070404168941
1.68 0.989253844970957
1.69 0.957450170664564
1.7 1.10181267040858
1.71 1.27969333911148
1.72 1.2817883239675
1.73 1.24130827944479
1.74 1.03587263204625
1.75 1.17914912774154
1.76 1.08640570468917
1.77 0.968410966705388
1.78 1.26825738687137
1.79 1.29204219220963
1.8 1.28534132946697
1.81 0.972728279392707
1.82 0.963158951413832
1.83 1.05931576238033
1.84 1.10131926267593
1.85 1.19604858742794
1.86 1.41103700244947
1.87 1.54580161728331
1.88 1.47709219034961
1.89 1.55790428640953
1.9 1.52755971075211
1.91 1.45578153076054
1.92 1.1066599503961
1.93 1.02252415526484
1.94 1.07162669863138
1.95 1.29534386779811
1.96 1.34937607260056
1.97 1.41792757127733
1.98 1.29873166701306
1.99 1.31428079136452
2 1.07288449616247
2.01 1.1224155121747
2.02 1.1950099074035
2.03 1.213339541896
2.04 1.28839312939132
2.05 1.32088730326598
2.06 1.40507826406521
2.07 1.6194257447275
2.08 1.75478706687424
2.09 1.75156613761298
2.1 1.59655678132356
2.11 1.64341487953008
2.12 1.58567227668422
2.13 1.76788140246755
2.14 1.54652237248061
2.15 1.4893545670537
2.16 1.53596254991248
2.17 1.51179761514065
2.18 1.43215021984348
2.19 1.39136199195846
2.2 1.46170593753009
2.21 1.56531609378279
2.22 1.64226384717146
2.23 1.92719003759428
2.24 2.08082690793671
2.25 2.11152097317959
2.26 2.00453408612559
2.27 2.40778518696559
2.28 2.49882216671889
2.29 2.37565888966255
2.3 2.39064664737834
2.31 2.32658340973837
2.32 2.27141655114586
2.33 2.11801204878543
2.34 2.12383688883208
2.35 2.1591109854575
2.36 1.98918676647185
2.37 1.52329586645887
2.38 1.48660580085596
2.39 1.48533874696482
2.4 1.55291216326554
2.41 1.55475222362356
2.42 1.60075128712748
2.43 1.45585276034421
2.44 1.5371037316057
2.45 1.62086051007595
2.46 1.64669036259828
2.47 1.8143935750366
2.48 1.86073131078154
2.49 1.88818556435074
2.5 1.91613596054836
2.51 1.96745652507369
2.52 2.1064813543253
2.53 2.16104619926864
2.54 2.24692923165653
2.55 2.0641202639536
2.56 2.00024951058935
2.57 2.19913508672057
2.58 2.00564516091096
2.59 2.03213656134128
2.6 2.07954957173727
2.61 2.20947119371683
2.62 2.14551843166346
2.63 2.15729804867124
2.64 1.88674268931405
2.65 1.92438439305788
2.66 1.82267319341739
2.67 1.78222763641964
2.68 1.61583857756476
2.69 1.65861149133667
2.7 1.73787221343669
2.71 1.6903367353126
2.72 1.92070844148538
2.73 2.00443392939998
2.74 2.12869512341775
2.75 2.41641706205767
2.76 2.30103839479504
2.77 2.41068887524598
2.78 2.54976237239869
2.79 2.53327939747515
2.8 2.56872786719967
2.81 2.39087334868188
2.82 2.44966403335717
2.83 2.32545570431637
2.84 2.43628326723461
2.85 2.2952674666888
2.86 2.33070395896405
2.87 2.18816132594824
2.88 2.13992535421491
2.89 1.90136637331719
2.9 1.91006248380186
2.91 2.03715507262538
2.92 2.05293824688908
2.93 1.78934216166201
2.94 1.69844224666885
2.95 1.90728046929726
2.96 2.14814961647767
2.97 1.964448066961
2.98 1.90340690876004
2.99 1.9431604259675
3 1.97821833375488
3.01 1.88686569299513
3.02 1.74705159456605
3.03 1.71586491147913
3.04 1.84098207735982
3.05 1.83577798172771
3.06 1.73948279429048
3.07 1.66556632584525
3.08 1.86725889816498
3.09 1.79751028705151
3.1 1.89185525446645
3.11 2.08536385014649
3.12 2.13857892395743
3.13 2.06552103073573
3.14 2.04911681845266
3.15 1.96815706983977
3.16 2.13071318757607
3.17 2.09757577763205
3.18 2.31108426787632
3.19 2.21259567952462
3.2 2.10421234922614
3.21 2.11393283853271
3.22 2.10631038720888
3.23 2.02203556104711
3.24 1.78694327251265
3.25 1.78309301668062
3.26 1.67957580412379
3.27 1.81308474702505
3.28 1.67667400718676
3.29 1.81577151380218
3.3 1.72015488447146
3.31 1.75131215378585
3.32 1.86273079040178
3.33 1.78330454216762
3.34 1.84951145731121
3.35 1.82905220983643
3.36 1.66723270227013
3.37 1.62568732708756
3.38 1.82595762225407
3.39 1.78876292892018
3.4 1.67150127681526
3.41 1.65780182641348
3.42 1.69373140681762
3.43 1.81112332108922
3.44 1.95696389960032
3.45 1.961456492292
3.46 2.11494302889939
3.47 1.99264846893834
3.48 1.65176765610273
3.49 1.58462870057271
3.5 1.51384547422868
3.51 1.2237455724254
3.52 1.28373044918173
3.53 1.1920899877404
3.54 1.16548786406838
3.55 0.992492896871827
3.56 1.0471144848954
3.57 1.24016997584894
3.58 1.1399830458694
3.59 1.12656530176529
3.6 1.33213562584161
3.61 1.43659365103577
3.62 1.66152316153319
3.63 1.65423325941158
3.64 1.62810769616148
3.65 1.55679898377843
3.66 1.73022526679921
3.67 1.55378634995645
3.68 1.58655550046947
3.69 1.57485573041652
3.7 1.85169813263126
3.71 1.76044167547055
3.72 1.55258243387582
3.73 1.57604314818095
3.74 1.56530519730783
3.75 1.45466739766387
3.76 1.46607629802696
3.77 1.42805454749758
3.78 1.34266150524817
3.79 1.39726838810474
3.8 1.35409119327379
3.81 1.13702202619144
3.82 0.852893361910455
3.83 0.800746372411611
3.84 0.932865996098562
3.85 1.01448805247832
3.86 1.13672555283485
3.87 1.24011040649603
3.88 1.27287286136404
3.89 1.10011481435732
3.9 1.12067513255254
3.91 1.28855405292378
3.92 0.900166075965538
3.93 0.827031990165647
3.94 0.929021237024955
3.95 0.98069450872556
3.96 1.05906130810724
3.97 1.10551112715686
3.98 1.16111070201539
3.99 1.16107746240808
4 1.06071195490167
4.01 0.933754080362226
4.02 0.937910025608442
4.03 0.897720791128562
4.04 0.813530488405223
4.05 0.853046689279181
4.06 0.8686884591029
4.07 1.00638461441844
4.08 0.893813070125764
4.09 0.845922380214143
4.1 0.840569970005706
4.11 0.713094411106438
4.12 0.691921503418176
4.13 0.636095321523044
4.14 0.468448165065552
4.15 0.454336939077891
4.16 0.423794691534397
4.17 0.503315159289025
4.18 0.465426514354175
4.19 0.508806902775353
4.2 0.523892681341194
4.21 0.439129278905407
4.22 0.469531321224709
4.23 0.467566736939726
4.24 0.484246197530479
4.25 0.535194933288907
4.26 0.548180171382826
4.27 0.670062270815533
4.28 0.68282054437914
4.29 0.582370691297166
4.3 0.643161071416554
4.31 0.548656024141367
4.32 0.411034445277117
4.33 0.364997484836301
4.34 0.326357819043051
4.35 0.298388803042371
4.36 0.393174118149332
4.37 0.501800346867275
4.38 0.558217088282676
4.39 0.467461707842168
4.4 0.474369647872568
4.41 0.513176181852833
4.42 0.50822827446302
4.43 0.525389749621144
4.44 0.46165362350166
4.45 0.379549600404153
4.46 0.472483168656958
4.47 0.496136843418325
4.48 0.472409177612807
4.49 0.500041636675645
4.5 0.65088672066754
4.51 0.68363693520799
4.52 0.803498804602785
4.53 0.928047883520627
4.54 0.889541992049637
4.55 0.962566102540677
4.56 0.899050833649063
4.57 0.760330802560965
4.58 0.657945902608387
4.59 0.64930315085992
4.6 0.79761624021664
4.61 0.809000477691528
4.62 0.738699649877988
4.63 0.761112837431556
4.64 0.824394308096464
4.65 0.708551018403585
4.66 0.622687302450694
4.67 0.473247137621248
4.68 0.391177834870127
4.69 0.341761896152727
4.7 0.331278763455808
4.71 0.419126506710304
4.72 0.482465870454818
4.73 0.506601943357108
4.74 0.47120466503853
4.75 0.473732639342307
4.76 0.516686499088099
4.77 0.485289261081699
4.78 0.56421405956689
4.79 0.651006247782799
4.8 0.560376808037316
4.81 0.508860514059225
4.82 0.599853964459616
4.83 0.473179840476855
4.84 0.507319075185321
4.85 0.528877145377165
4.86 0.76600690098443
4.87 0.52944023996616
4.88 0.472967311772443
4.89 0.524592355447557
4.9 0.650615804935547
4.91 0.721839444427173
4.92 0.603265246636275
4.93 0.78116621300255
4.94 0.628041022098644
4.95 0.543555156248876
4.96 0.544939027913678
4.97 0.713782431279246
4.98 0.759421090726743
4.99 0.825477075600483
5 0.984228123562437
5.01 1.08208416129542
5.02 0.95386207556617
5.03 1.02363947824676
5.04 1.0123527430736
5.05 1.19158763078036
5.06 1.16309736591031
5.07 0.996772493611333
5.08 1.04590877174778
5.09 1.0817046604604
5.1 1.07905438501296
5.11 0.968511990101033
5.12 0.886266755489949
5.13 0.886215480992781
5.14 0.985079996454486
5.15 0.949056332388572
5.16 0.8646695777815
5.17 0.614565503323557
5.18 0.657166182821153
5.19 0.69523720077239
5.2 0.807446321505612
5.21 0.941168646384001
5.22 0.927878540626075
5.23 1.05368097568512
5.24 1.05327900022371
5.25 0.983326662331705
5.26 0.899383821749765
5.27 0.867487529791739
5.28 0.889999864752096
5.29 0.888514823054401
5.3 0.908564629145396
5.31 0.928441931067732
5.32 0.998013226955232
5.33 0.970742068198453
5.34 1.13215928956097
5.35 1.17740962792865
5.36 1.04612673740011
5.37 1.01736963477137
5.38 1.0692303496502
5.39 1.02603344699737
5.4 1.06071880271422
5.41 1.10485056725015
5.42 1.24081304117892
5.43 1.16581133810278
5.44 1.16233055170027
5.45 1.09950350793875
5.46 0.980320461663503
5.47 0.797448610171941
5.48 0.816934864430175
5.49 0.873137657280169
5.5 0.934130392166015
5.51 0.80044569694634
5.52 0.701371638812509
5.53 0.608788616647876
5.54 0.558967200532648
5.55 0.57610221676746
5.56 0.625463317617985
5.57 0.564750817552207
5.58 0.353847917560471
5.59 0.417047740040976
5.6 0.462611881515591
5.61 0.420315637082244
5.62 0.35650513237673
5.63 0.345028191451391
5.64 0.357927991782052
5.65 0.407615704320782
5.66 0.50228987494911
5.67 0.447104562448654
5.68 0.472072955050642
5.69 0.569020212661844
5.7 0.505338681564111
5.71 0.494449672456003
5.72 0.374940653884452
5.73 0.398790800897683
5.74 0.364311706665112
5.75 0.31484098193374
5.76 0.277927496138786
5.77 0.308581918647399
5.78 0.195370621577964
5.79 0.184609014860597
5.8 0.149207378496454
5.81 0.120551176126379
5.82 0.14582520665272
5.83 0.167799418357144
5.84 0.171737514292755
5.85 0.202295512809063
5.86 0.18319152101056
5.87 0.104760688883122
5.88 0.151077953813091
5.89 0.150600426380025
5.9 0.14492632343686
5.91 0.159473640199017
5.92 0.198465756710227
5.93 0.225463058611675
5.94 0.277237725092276
5.95 0.286894489574783
5.96 0.267014728494334
5.97 0.258819318350775
5.98 0.308096389697058
5.99 0.267875545855507
6 0.225841083698759
6.01 0.248480040437761
6.02 0.286525670008936
6.03 0.203139953668373
6.04 0.246475745104671
6.05 0.254603026778204
6.06 0.252911180368298
6.07 0.316051110363258
6.08 0.406059846151204
6.09 0.338883713585871
6.1 0.404387040536527
6.11 0.370148983997338
6.12 0.384500339693414
6.13 0.420476643666324
6.14 0.434907670008072
6.15 0.344086295437079
6.16 0.320940476599131
6.17 0.414955471053216
6.18 0.431936769325029
6.19 0.382685468114114
6.2 0.348281829558724
6.21 0.417211704578033
6.22 0.445393787078244
6.23 0.391063566842973
6.24 0.397544726633469
6.25 0.441190039952592
6.26 0.56119371323249
6.27 0.499527397322663
6.28 0.477678587268026
6.29 0.551747243600719
6.3 0.522126413287688
6.31 0.63242149189556
6.32 0.719061358975099
6.33 0.581188242341453
6.34 0.617697079063055
6.35 0.509982832970595
6.36 0.410284801625723
6.37 0.420692661784482
6.38 0.430163228619508
6.39 0.433716370667209
6.4 0.522641160382003
6.41 0.548740580889381
6.42 0.503392905051014
6.43 0.516843787657587
6.44 0.484694433902601
6.45 0.485105561820813
6.46 0.410296027737423
6.47 0.408811156723398
6.48 0.42130462737402
6.49 0.381542826679231
6.5 0.390274179152762
6.51 0.355841627655844
6.52 0.323866556723825
6.53 0.318993425864973
6.54 0.353525942685839
6.55 0.347781746891571
6.56 0.365549573298307
6.57 0.430542415167272
6.58 0.417519376873319
6.59 0.41664874745927
6.6 0.455482889076897
6.61 0.376015340185721
6.62 0.415602643986064
6.63 0.386958985782379
6.64 0.322296073481895
6.65 0.22870154809669
6.66 0.202222308290563
6.67 0.157577101861239
6.68 0.119221673884973
6.69 0.184217372596774
6.7 0.140349195696317
6.71 0.186315625302612
6.72 0.217987612069688
6.73 0.184497689983973
6.74 0.166398402161131
6.75 0.158001575914568
6.76 0.173990220657222
6.77 0.167720941988721
6.78 0.209906237399691
6.79 0.204397570798813
6.8 0.114457536004383
6.81 0.12005779571602
6.82 0.0646881033997271
6.83 0.0978933757891479
6.84 0.0835208893660408
6.85 0.0604552243272909
6.86 0.055306922851143
6.87 0.0785169717155569
6.88 0.0339721128820876
6.89 0.0483106223945426
6.9 0.0364579556756549
6.91 0.0459308206272491
6.92 0.0700243835167251
6.93 0.0943977936961991
6.94 0.149631146415017
6.95 0.163128140365894
6.96 0.14317669320589
6.97 0.233238399378237
6.98 0.226260815444226
6.99 0.272412258320305
7 0.328279492252765
7.01 0.361060622288402
7.02 0.453101150891102
7.03 0.444502360767881
7.04 0.367958469854283
7.05 0.352404823462281
7.06 0.326396172044965
7.07 0.351870980541341
7.08 0.302990125117964
7.09 0.34743514172471
7.1 0.285357337737904
7.11 0.386277855816388
7.12 0.482511859442325
7.13 0.456512064813749
7.14 0.471410685305219
7.15 0.451041988402761
7.16 0.375507863817357
7.17 0.21866897304185
7.18 0.225308813252551
7.19 0.231424139840565
7.2 0.318118146932676
7.21 0.21238898255877
7.22 0.189748503589094
7.23 0.236185589017093
7.24 0.260463395007638
7.25 0.274072543895163
7.26 0.248833775106954
7.27 0.266369238603161
7.28 0.261530242007926
7.29 0.274727572141305
7.3 0.251688449155515
7.31 0.318800154389813
7.32 0.385458688913767
7.33 0.474597162551278
7.34 0.454556534908559
7.35 0.439492343024418
7.36 0.421875905586334
7.37 0.516910562799877
7.38 0.500192605087784
7.39 0.512095855881362
7.4 0.54425304547323
7.41 0.598844634376452
7.42 0.582142277819516
7.43 0.76531392710181
7.44 0.686521493915951
7.45 0.571456612398952
7.46 0.578939905584865
7.47 0.717631923113618
7.48 0.724924250709393
7.49 0.737017355756758
7.5 0.813752880691824
7.51 0.806687152044999
7.52 0.817933865068664
7.53 0.92904953145014
7.54 0.938794954070413
7.55 0.866525606874407
7.56 0.904622802724198
7.57 0.801760253382493
7.58 0.673165592302779
7.59 0.666365802132042
7.6 0.579831937961445
7.61 0.628268991391595
7.62 0.620338740758755
7.63 0.563777623766685
7.64 0.689995317685078
7.65 0.683963048028253
7.66 0.804701335576131
7.67 0.796479870374141
7.68 0.76912815665154
7.69 0.804189385389948
7.7 0.898504364770703
7.71 1.15599830414058
7.72 1.04316367164298
7.73 1.02399735583088
7.74 1.13282002956807
7.75 1.16785184265442
7.76 1.14592762444907
7.77 1.00499987454606
7.78 0.977014473644803
7.79 0.958982505729874
7.8 0.951384402374961
7.81 1.10912690738474
7.82 1.0593864005823
7.83 0.896575198324387
7.84 0.944615529869683
7.85 0.934288437036325
7.86 0.915193716323325
7.87 0.976843888919854
7.88 0.689793128936658
7.89 0.646911783870556
7.9 0.638100408669872
7.91 0.690070729652037
7.92 0.671488074965609
7.93 0.592407750171415
7.94 0.62515935219337
7.95 0.630445309883321
7.96 0.642916909525775
7.97 0.739223986391079
7.98 0.695212642076407
7.99 0.594102846610451
8 0.499500921005502
8.01 0.432139073851772
8.02 0.34659730040761
8.03 0.350233556615013
8.04 0.463904843544744
8.05 0.462488108770332
8.06 0.520720387292597
8.07 0.445948776204661
8.08 0.436687983674262
8.09 0.479730001518649
8.1 0.460347314199073
8.11 0.519023044261528
8.12 0.573834245382708
8.13 0.530165444143632
8.14 0.478655581378645
8.15 0.646994478199348
8.16 0.635036641358306
8.17 0.639213764302118
8.18 0.638460625889604
8.19 0.596674169784814
8.2 0.529103461290861
8.21 0.451199619382866
8.22 0.518079747715988
8.23 0.451924359410477
8.24 0.502277036060507
8.25 0.606941806367348
8.26 0.701070860095613
8.27 0.692442349823907
8.28 0.650639271910745
8.29 0.567106941209968
8.3 0.570038021947733
8.31 0.556774956857395
8.32 0.57286941793152
8.33 0.531424350298864
8.34 0.581966048717437
8.35 0.640628027517419
8.36 0.730334855370157
8.37 0.92529478347526
8.38 0.945077376443038
8.39 0.889674815407987
8.4 0.883484964165672
8.41 0.731635606396298
8.42 0.745432318321236
8.43 0.711226048352581
8.44 0.748354471559377
8.45 0.727616834123173
8.46 0.61254205067549
8.47 0.61927982621676
8.48 0.516594350331846
8.49 0.585900276974155
8.5 0.450014539331007
8.51 0.445996845438959
8.52 0.48212227187824
8.53 0.38178636890653
8.54 0.474414543496553
8.55 0.418690220243371
8.56 0.391740570279684
8.57 0.408045987482832
8.58 0.392429291405754
8.59 0.3336086673401
8.6 0.363915475465692
8.61 0.338652327126786
8.62 0.374741006672151
8.63 0.350096434797435
8.64 0.299955975993546
8.65 0.301773459282367
8.66 0.34443196645213
8.67 0.365209107658701
8.68 0.367995480212046
8.69 0.256157212345337
8.7 0.33705607061113
8.71 0.341366750801573
8.72 0.297472636384633
8.73 0.293497512149173
8.74 0.314716164428813
8.75 0.236390144559355
8.76 0.278901767021285
8.77 0.29914826982694
8.78 0.371941467417346
8.79 0.438357633813778
8.8 0.408357773180271
8.81 0.38294371753844
8.82 0.327509304150515
8.83 0.313534520900303
8.84 0.373277523808663
8.85 0.489042220498804
8.86 0.559076909830171
8.87 0.426659055556402
8.88 0.486076839258734
8.89 0.563463911412216
8.9 0.614175442013228
8.91 0.551033354009038
8.92 0.63454336171148
8.93 0.696307129912259
8.94 0.754639450295188
8.95 0.723960217355498
8.96 0.798694037611329
8.97 0.810680028658789
8.98 0.806471345042521
8.99 0.941953616750399
9 1.01602586152008
9.01 0.726167556705234
9.02 0.69255786776784
9.03 0.57185024532029
9.04 0.620656626705681
9.05 0.589581290436126
9.06 0.662891443003322
9.07 0.704352244496792
9.08 0.709158471135475
9.09 0.704899824214849
9.1 0.677519446304566
9.11 0.697165945095773
9.12 0.607658974493188
9.13 0.664028353690474
9.14 0.635272564047636
9.15 0.579622655185593
9.16 0.558998446591665
9.17 0.703570324101334
9.18 0.559075236590106
9.19 0.537399688657557
9.2 0.54983948701373
9.21 0.514473068597531
9.22 0.489829328178015
9.23 0.521690756999506
9.24 0.542545633347625
9.25 0.497492971559906
9.26 0.542540890640277
9.27 0.560335776616583
9.28 0.616108928169508
9.29 0.515767454530019
9.3 0.46546036226431
9.31 0.457658696367055
9.32 0.527962379891877
9.33 0.494242797823374
9.34 0.42668593154095
9.35 0.48283041461844
9.36 0.520337883473944
9.37 0.436721396703802
9.38 0.577608642854539
9.39 0.695732666698556
9.4 0.582922276209455
9.41 0.751501939941942
9.42 0.604091153623813
9.43 0.615981320883114
9.44 0.530248811668232
9.45 0.507493205890639
9.46 0.487571540272718
9.47 0.515241702887729
9.48 0.439383807230194
9.49 0.262236082331534
9.5 0.264707331735753
9.51 0.233642765219494
9.52 0.251494796297865
9.53 0.216427712005092
9.54 0.261121011431765
9.55 0.270001279154711
9.56 0.308654301461125
9.57 0.26029220444961
9.58 0.256907345516491
9.59 0.281775334605159
9.6 0.284213144198006
9.61 0.379550470202296
9.62 0.264824738048815
9.63 0.311087560088846
9.64 0.318780888363042
9.65 0.378988728109191
9.66 0.379115986451462
9.67 0.216631595254109
9.68 0.244027868407327
9.69 0.240799833902986
9.7 0.199842824352199
9.71 0.178497752814384
9.72 0.1890645042227
9.73 0.303793374279582
9.74 0.321127088843843
9.75 0.272398309255295
9.76 0.379027166644521
9.77 0.35823934466352
9.78 0.314995273166894
9.79 0.251845161493077
9.8 0.225512151615395
9.81 0.325154484841592
9.82 0.383597175200116
9.83 0.435378152710762
9.84 0.450699176662079
9.85 0.475199254019609
9.86 0.521068874058309
9.87 0.541439301486864
9.88 0.557434122302543
9.89 0.633073918966654
9.9 0.623546953204984
9.91 0.6474478517084
9.92 0.578759027767667
9.93 0.703473885531818
9.94 0.823254478687518
9.95 0.660589633677158
9.96 0.646401995206594
9.97 0.69414592331718
9.98 0.737423836529782
9.99 0.805386254497134
10 0.767337564261004
10.01 0.664079625377915
10.02 0.692005679579893
10.03 0.567048935693611
10.04 0.619223546644684
10.05 0.678347119492006
10.06 0.524591646020087
10.07 0.597350588752941
10.08 0.584026433984237
10.09 0.536691998602958
10.1 0.573983139405991
10.11 0.675265005024114
10.12 0.807126156427962
10.13 0.701197598674527
10.14 0.667534121936211
10.15 0.682818551998815
10.16 0.691445709895811
10.17 0.65752507751045
10.18 0.471032804837788
10.19 0.457216585550301
10.2 0.382733466968936
10.21 0.390955442397861
10.22 0.344666434037794
10.23 0.344315023263751
10.24 0.30736054275651
10.25 0.291648137799118
10.26 0.278330351597638
10.27 0.355627721764446
10.28 0.40479578727654
10.29 0.395968763411108
10.3 0.324847461851386
10.31 0.391303830526766
10.32 0.30753737074171
10.33 0.248886938610759
10.34 0.217674320176411
10.35 0.180133725658153
10.36 0.149979206292227
10.37 0.208329153129049
10.38 0.211399131524254
10.39 0.186370710041796
10.4 0.22350570295701
10.41 0.240614050257705
10.42 0.188359205347099
10.43 0.172129519913952
10.44 0.202551988331707
10.45 0.298301929596992
10.46 0.391719941426635
10.47 0.450237797058919
10.48 0.454858447841533
10.49 0.343916670706018
10.5 0.307617028104212
10.51 0.302593308289386
10.52 0.336532899869582
10.53 0.346613069845194
10.54 0.356579994443818
10.55 0.472790796265258
10.56 0.50471768060234
10.57 0.489739202508568
10.58 0.464853552484985
10.59 0.476704287230529
10.6 0.425781773523178
10.61 0.520801034240939
10.62 0.504842541794535
10.63 0.472239265588349
10.64 0.417523715411596
10.65 0.483822215257055
10.66 0.400140688456993
10.67 0.376488358097029
10.68 0.401899050262812
10.69 0.401012912361627
10.7 0.422884231955809
10.71 0.343063926040928
10.72 0.324443054145388
10.73 0.23413270065246
10.74 0.201042653336344
10.75 0.260517234611232
10.76 0.280816808615755
10.77 0.292528191990001
10.78 0.249106923486287
10.79 0.22882464668534
10.8 0.187917696624807
10.81 0.198358811127346
10.82 0.240452354171191
10.83 0.262719130041524
10.84 0.238435343022759
10.85 0.273043506550287
10.86 0.300582673482695
10.87 0.353806241240984
10.88 0.334058938789367
10.89 0.272553587650852
10.9 0.275412982904863
10.91 0.298548567171123
10.92 0.390751336242464
10.93 0.392489210908225
10.94 0.425317893721906
10.95 0.425634588671519
10.96 0.572063090468483
10.97 0.677539476314028
10.98 0.661642455251646
10.99 0.65466280271844
11 0.656361581839707
11.01 0.668973375390999
11.02 0.626064040119069
11.03 0.636188753999765
11.04 0.584331136160061
11.05 0.504692428940578
11.06 0.566794335936932
11.07 0.620562334168631
11.08 0.579609651778648
11.09 0.680713413115011
11.1 0.668020374245755
11.11 0.648155499231203
11.12 0.574895641709984
11.13 0.577300373703119
11.14 0.571119137289658
11.15 0.580510474444668
11.16 0.618623298143948
11.17 0.693743551473383
11.18 0.724076557568568
11.19 0.811295528962462
11.2 0.909145275659668
11.21 0.630634967377277
11.22 0.605519837519974
11.23 0.653814028036792
11.24 0.566743543425221
11.25 0.498756070968683
11.26 0.523100509215426
11.27 0.495943261233419
11.28 0.37904684795194
11.29 0.441026945951627
11.3 0.39077663390653
11.31 0.421020294720366
11.32 0.453571063805853
11.33 0.561489274124155
11.34 0.580603448250121
11.35 0.63551515151626
11.36 0.730087014170414
11.37 0.698062855948589
11.38 0.562759818101425
11.39 0.577854448092141
11.4 0.682867584412325
11.41 0.56983002563444
11.42 0.650534592336906
11.43 0.649179349699262
11.44 0.660702940375911
11.45 0.635709893667161
11.46 0.722022576452479
11.47 0.845815649168032
11.48 0.991825685544422
11.49 0.895563558605944
11.5 0.968462346620405
11.51 0.931756716982322
11.52 0.837513052205658
11.53 0.874819460073085
11.54 0.874392303193086
11.55 0.949681713716637
11.56 1.12485696309707
11.57 1.23356183377048
11.58 1.15395931592289
11.59 1.16741833826581
11.6 1.31844128155611
11.61 1.4501097847326
11.62 1.25476848955167
11.63 1.35823652379968
11.64 1.31496948764756
11.65 1.24010812788312
11.66 1.11507700975413
11.67 1.08100150995985
11.68 1.15179195357927
11.69 1.30430966634622
11.7 1.31713064617833
11.71 1.30557538671494
11.72 1.2794003688453
11.73 1.3844911628306
11.74 1.25342827016412
11.75 1.27888523426044
11.76 1.39162937241535
11.77 1.51297687881353
11.78 1.55914804925684
11.79 1.40841673127923
11.8 1.30688890948004
11.81 1.22145434888277
11.82 1.0597302160772
11.83 1.06325273515751
11.84 1.18872331218707
11.85 0.920076494713726
11.86 0.993620765008199
11.87 0.973483136682211
11.88 0.89786152274188
11.89 0.971845519892325
11.9 1.0360463166803
11.91 1.04547947029191
11.92 0.95099234702758
11.93 0.882745123155107
11.94 0.731971227011643
11.95 0.895571989349826
11.96 0.881891649180926
11.97 0.812217035931813
11.98 0.619343165851828
11.99 0.589351804838825
12 0.551302148314133
12.01 0.45166755985814
12.02 0.61736861183999
12.03 0.689784614391261
12.04 0.565344690194945
12.05 0.654954169823379
12.06 0.74296274702707
12.07 0.796373744949452
12.08 0.83402593502028
12.09 0.848923162914991
12.1 0.907481604722682
12.11 0.810037604061418
12.12 0.753493819012393
12.13 0.668980620999161
12.14 0.658723206120333
12.15 0.67403885778597
12.16 0.726727231293643
12.17 0.77456104207969
12.18 0.904049893246006
12.19 0.961802480225043
12.2 1.08539337681411
12.21 1.19887338508756
12.22 1.13245231007516
12.23 1.21107882204647
12.24 1.25887684553172
12.25 1.26965983695291
12.26 1.16517024932662
12.27 1.22698716778094
12.28 1.23177649467354
12.29 1.19007712094707
12.3 1.28881201558141
12.31 1.39857848309198
12.32 1.49790168467683
12.33 1.17336020807697
12.34 1.07442767406262
12.35 1.17083215226882
12.36 1.088474714369
12.37 1.13021290335764
12.38 1.14835648976126
12.39 1.26554370086264
12.4 1.18297401775993
12.41 1.17485742547776
12.42 1.21049539018981
12.43 1.34841107987367
12.44 1.3243293106547
12.45 1.3545057967313
12.46 1.19467571709935
12.47 1.26192210190444
12.48 1.28253603589643
12.49 1.35211166152156
12.5 1.30083763349423
12.51 1.49005137502925
12.52 1.46808261585135
12.53 1.47807950067806
12.54 1.46045062317508
12.55 1.55812130579638
12.56 1.4566186513059
12.57 1.47636705463836
12.58 1.54141694908415
12.59 1.38140149835541
12.6 1.40435196666591
12.61 1.32993972155021
12.62 1.49141508846254
12.63 1.57258556161776
12.64 1.3505231290029
12.65 1.4538498300699
12.66 1.47556559541402
12.67 1.40262421469428
12.68 1.35648510006326
12.69 1.20475608949472
12.7 1.24509802861428
12.71 1.05981414688519
12.72 1.04477633468583
12.73 1.09085402796622
12.74 1.09865437601152
12.75 1.18772355758016
12.76 1.19135519246706
12.77 1.44146108534877
12.78 1.33385858391526
12.79 1.50827682717282
12.8 1.30491836408902
12.81 1.17880406422959
12.82 1.07915283606515
12.83 0.920344685567746
12.84 1.06357474405204
12.85 1.16954457214254
12.86 1.31614540566113
12.87 1.24312642531981
12.88 1.2502388585906
12.89 1.37280135659179
12.9 1.49333201888548
12.91 1.55684851295609
12.92 1.5710126873022
12.93 1.41938503639142
12.94 1.45208656358897
12.95 1.42605673730215
12.96 1.34363440493313
12.97 1.52289871647516
12.98 1.43111245222113
12.99 1.45585641457094
13 1.51356214432256
13.01 1.63774684885548
13.02 1.67837497084817
13.03 1.92722543250968
13.04 1.97974908472294
13.05 1.90122069682778
13.06 1.90634326834868
13.07 1.98966677178188
13.08 1.67078668298147
13.09 1.65172631066399
13.1 1.6505459110511
13.11 1.61338654500966
13.12 1.61377746759969
13.13 1.35461148565364
13.14 1.39136304262476
13.15 1.38780674151835
13.16 1.32591803134424
13.17 0.992825291190096
13.18 0.951923546721332
13.19 0.96393751278732
13.2 0.95731155074747
13.21 0.898182079290315
13.22 0.929683376438959
13.23 0.842597060009493
13.24 0.908360254582055
13.25 0.987975499889812
13.26 1.08327264593219
13.27 1.16558414653198
13.28 1.12591186890252
13.29 1.12200566735634
13.3 1.2526697198845
13.31 1.31852131376165
13.32 1.35516759814804
13.33 1.5005273634354
13.34 1.41873597229732
13.35 1.41755773863119
13.36 1.56834142885877
13.37 1.53137599204801
13.38 1.54276811225379
13.39 1.51912241070366
13.4 1.66601644416316
13.41 1.67683628810018
13.42 1.67877505314865
13.43 1.58372302164851
13.44 1.52522388014434
13.45 1.32617375766675
13.46 1.37007984959031
13.47 1.46561476248007
13.48 1.29905142348766
13.49 1.34180569055361
13.5 1.37649036303124
13.51 1.39564128597109
13.52 1.40012727026192
13.53 1.58958270250659
13.54 1.62567195963563
13.55 1.79814893095196
13.56 1.8506466031673
13.57 1.90843489476979
13.58 1.82478791355564
13.59 2.18004048490145
13.6 2.15940826030837
13.61 2.07471047113717
13.62 2.11904617929089
13.63 2.16741984683531
13.64 2.26229667856149
13.65 2.11206051883056
13.66 2.08100290043936
13.67 2.29729540738
13.68 2.2111274308331
13.69 2.14605112509384
13.7 2.22398455570287
13.71 2.12136650847677
13.72 2.27539351414113
13.73 2.32636641751017
13.74 2.3267612609946
13.75 2.07069797310302
13.76 2.01003393779175
13.77 2.28834726578806
13.78 2.23221410776638
13.79 2.31766005738896
13.8 2.16370114617896
13.81 1.91807927948835
13.82 2.00714644275899
13.83 2.2024066069748
13.84 1.96118866638633
13.85 2.07006238667501
13.86 2.1069753715422
13.87 2.04275197661086
13.88 2.28234079365767
13.89 2.11766593464214
13.9 2.0893992708806
13.91 2.1751361136116
13.92 2.0037377745361
13.93 2.15025394957914
13.94 2.1220122501221
13.95 2.28984373732426
13.96 2.27341997224233
13.97 2.14984756649077
13.98 1.94179800030716
13.99 1.74104546825554
14 1.7139671264798
14.01 1.44416868102148
14.02 1.2523080761649
14.03 1.46942419903165
14.04 1.4431142561109
14.05 1.60177366495446
14.06 1.8044543360477
14.07 1.8124601525914
14.08 1.80482298609936
14.09 1.82316569570063
14.1 1.90671562986909
14.11 2.00827089583631
14.12 1.71260711016753
14.13 1.71168359162396
14.14 1.78477899787423
14.15 1.75421748331963
14.16 1.77657645211476
14.17 1.88775769706645
14.18 1.85859871581923
14.19 2.05957745974004
14.2 2.11393812086884
14.21 1.87079455622629
14.22 1.83648670499801
14.23 1.90504597860816
14.24 1.91844904412094
14.25 1.71923380979192
14.26 1.46501845388563
14.27 1.45213199920013
14.28 1.5304342161871
14.29 1.43754259434022
14.3 1.47844975304822
14.31 1.54428047129729
14.32 1.6599535562689
14.33 1.72904092316902
14.34 1.75400295657155
14.35 1.53906331216542
14.36 1.47063481395117
14.37 1.5700117132582
14.38 1.62093054496704
14.39 1.50040386965555
14.4 1.53447581679337
14.41 1.5174913025239
14.42 1.66806210308194
14.43 1.65698905422088
14.44 1.60045245972169
14.45 1.56149805735124
14.46 1.44623893371852
14.47 1.59724241076504
14.48 1.6121467672414
14.49 1.52943589104766
14.5 1.57343702160662
14.51 1.6754467869048
14.52 1.61408036958826
14.53 1.5691282830826
14.54 1.55602282244879
14.55 1.3007477686228
14.56 1.3154678660272
14.57 1.31719481299997
14.58 1.28394885978744
14.59 1.16539646479947
14.6 1.27875156021995
14.61 1.22421880427078
14.62 1.23694723941586
14.63 1.46955805206075
14.64 1.39311723678765
14.65 1.31025467166526
14.66 1.32476606372972
14.67 1.28867026172438
14.68 1.22985284982554
14.69 1.272997464973
14.7 1.29614513401784
14.71 1.17083930601845
14.72 1.01972631353189
14.73 1.07993953985467
14.74 0.991902446038673
14.75 0.896828532154058
14.76 1.01493137298637
14.77 1.02243699167117
14.78 0.967653369171946
14.79 1.04406929585909
14.8 1.17690165104797
14.81 1.28200238672125
14.82 1.16462964419279
14.83 1.09758190252975
14.84 1.12978806072999
14.85 0.983435130330078
14.86 0.945721833240612
14.87 0.944874671122422
14.88 0.939066976868082
14.89 0.961328130262122
14.9 0.97967537353159
14.91 1.0680349797815
14.92 1.06186987889923
14.93 0.975736732172977
14.94 0.964024184743216
14.95 0.943798723823082
14.96 0.94820683494491
14.97 1.09293753858656
14.98 1.15124887572308
14.99 1.3417516776517
15 1.46737878553508
15.01 1.68003095349579
15.02 1.49636326280861
15.03 1.40486137760647
15.04 1.33487813353465
15.05 1.29570353572807
15.06 1.24992639248636
15.07 1.29869038536519
15.08 1.15198280130635
15.09 1.09384989378507
15.1 1.03467571045624
15.11 0.996241416614369
15.12 0.935952695666599
15.13 1.05298927389674
15.14 1.13135751223443
15.15 1.15539621305126
15.16 1.00174178413987
15.17 1.29535719388419
15.18 1.39882241897831
15.19 1.54076796693074
15.2 1.30058709945483
15.21 1.27218934344602
15.22 1.35610560725071
15.23 1.39772251021594
15.24 1.46576022963458
15.25 1.53259587971315
15.26 1.47340034134839
15.27 1.43822695899271
15.28 1.32276081416635
15.29 1.44460065403711
15.3 1.20650719359565
15.31 1.17361845804354
15.32 1.25985761746879
15.33 1.2339456775916
15.34 1.39276085217248
15.35 1.48814230456166
15.36 1.37765001091892
15.37 1.36684545285799
15.38 1.36452513043082
15.39 1.39231556553503
15.4 1.32607135982588
15.41 1.25175140199575
15.42 1.21987920587053
15.43 1.31844746365651
15.44 1.44428007753808
15.45 1.3673073613463
15.46 1.37010335830059
15.47 1.24927383994551
15.48 1.16203875682517
15.49 1.09450687155004
15.5 0.955808054518193
15.51 0.759994168874347
15.52 0.829346843582495
15.53 0.868005442070931
15.54 0.791837072674807
15.55 0.879173292653483
15.56 1.05016227635197
15.57 0.788341733866984
15.58 0.892587866763103
15.59 1.00966953532561
15.6 1.02485651766988
15.61 0.971653459854476
15.62 0.863350130993364
15.63 0.782975051042444
15.64 0.728806319543632
15.65 0.551734565765783
15.66 0.508213900579301
15.67 0.583479399155903
15.68 0.529980936055726
15.69 0.648627711338643
15.7 0.648110595532435
15.71 0.660567890685734
15.72 0.702606276895465
15.73 0.626871392427721
15.74 0.569317453795079
15.75 0.541665467977147
15.76 0.67672906675175
15.77 0.715051344923847
15.78 0.709912366690905
15.79 0.618733045975219
15.8 0.615668103093128
15.81 0.650310793645542
15.82 0.624726446907638
15.83 0.558293219419157
15.84 0.491994968265539
15.85 0.481649904590621
15.86 0.510583824482919
15.87 0.58478405892341
15.88 0.486812547691216
15.89 0.436065496802157
15.9 0.306544122303869
15.91 0.319572100635735
15.92 0.36685804113177
15.93 0.388581242503218
15.94 0.471291900002191
15.95 0.516630076049014
15.96 0.479263017600754
15.97 0.584621329957119
15.98 0.622677261494787
15.99 0.672056220924363
16 0.599764517780147
16.01 0.58445789928057
16.02 0.495199356630024
16.03 0.495142718964867
16.04 0.596234449073135
16.05 0.564943289113115
16.06 0.574194481365504
16.07 0.63785913374996
16.08 0.51467651643138
16.09 0.421290242538776
16.1 0.366874928202242
16.11 0.391428212749847
16.12 0.402548407793225
16.13 0.487624899158553
16.14 0.406546891911114
16.15 0.384485912639476
16.16 0.260327668472301
16.17 0.350317079972042
16.18 0.420992699213561
16.19 0.385205078096178
16.2 0.37566179218053
16.21 0.373641318911616
16.22 0.489648207812147
16.23 0.497438530943391
16.24 0.53159263507606
16.25 0.587282791668345
16.26 0.644271663852869
16.27 0.51369879418117
16.28 0.571603128607517
16.29 0.506019152210605
16.3 0.50870479329164
16.31 0.376120717761675
16.32 0.395502432841083
16.33 0.33834153522174
16.34 0.218214642455435
16.35 0.147901955603756
16.36 0.101784771057831
16.37 0.128330933714449
16.38 0.148168367432129
16.39 0.183056990289775
16.4 0.16846854501445
16.41 0.18424522920459
16.42 0.210070047421679
16.43 0.214070801608416
16.44 0.170725247865128
16.45 0.225672566925557
16.46 0.312654934802887
16.47 0.432427647191286
16.48 0.496796643238415
16.49 0.488633778864462
16.5 0.484821092317901
16.51 0.468713019978646
16.52 0.456029337612031
16.53 0.457993369545
16.54 0.329913033866423
16.55 0.337258832408184
16.56 0.357553658992509
16.57 0.307150005518185
16.58 0.216695404390179
16.59 0.207772082758679
16.6 0.0734059946490844
16.61 0.127987157924648
16.62 0.161411908263552
16.63 0.130558983866543
16.64 0.13980023638866
16.65 0.142215923953795
16.66 0.0881845840825832
16.67 0.0712168481353541
16.68 0.106278909538164
16.69 0.0775358300636209
16.7 0.0658376655603289
16.71 0.0560612801310522
16.72 0.0945539122131393
16.73 0.0977395623319043
16.74 0.124091764892391
16.75 0.160025860536795
16.76 0.153221701398003
16.77 0.117513983787769
16.78 0.132169986055335
16.79 0.127813411488358
16.8 0.18812177365223
16.81 0.173688896974832
16.82 0.169005688102196
16.83 0.205383174166549
16.84 0.183256485710364
16.85 0.190655485382164
16.86 0.220432137299295
16.87 0.209247037482422
16.88 0.161729475554113
16.89 0.18268935807168
16.9 0.17890055952938
16.91 0.10167847227635
16.92 0.119257765476662
16.93 0.132616705937963
16.94 0.0801554361297807
16.95 0.0744653204192306
16.96 0.0789418078971352
16.97 0.0725129663569127
16.98 0.0966481385281643
16.99 0.056684920524808
17 0.0433977010024097
17.01 0.0435921174546109
17.02 0.0833031214152563
17.03 0.0879891031988344
17.04 0.0668020078918704
17.05 0.115897406748674
17.06 0.116868345276942
17.07 0.144567737891848
17.08 0.195774985592126
17.09 0.22193817248844
17.1 0.290974520085412
17.11 0.255400856864173
17.12 0.343636599113139
17.13 0.243340861446854
17.14 0.202793188688544
17.15 0.184355429215603
17.16 0.202520813760334
17.17 0.189189322617478
17.18 0.222660365688699
17.19 0.250253650115801
17.2 0.291711373992507
17.21 0.378862441893293
17.22 0.297345015552232
17.23 0.357263671889459
17.24 0.347823738019031
17.25 0.306981079213499
17.26 0.215453142184978
17.27 0.18388892451155
17.28 0.179207728838566
17.29 0.105279410358965
17.3 0.102544708433068
17.31 0.127854189120453
17.32 0.0901645029868879
17.33 0.0991173030452279
17.34 0.0657862807764697
17.35 0.0738027787581598
17.36 0.107374837184963
17.37 0.0448704887015633
17.38 0.103277808156837
17.39 0.0747171947352617
17.4 0.109676148308481
17.41 0.187433804060094
17.42 0.154697901872815
17.43 0.136584194019048
17.44 0.182975788597154
17.45 0.156176774291122
17.46 0.126790353882506
17.47 0.191822365632356
17.48 0.277269974015607
17.49 0.272542413065764
17.5 0.39890370351697
17.51 0.525153101665762
17.52 0.524928743022461
17.53 0.470713760607844
17.54 0.429815530154537
17.55 0.527434937934251
17.56 0.57137914138729
17.57 0.624214613566562
17.58 0.626967513731692
17.59 0.645178475745202
17.6 0.609487733056978
17.61 0.702020441851314
17.62 0.677681511241169
17.63 0.844877635311614
17.64 0.900363395436269
17.65 0.995140210968232
17.66 1.14239220464159
17.67 1.13594977627854
17.68 0.946205144262278
17.69 0.887442120750012
17.7 0.944454960583884
17.71 1.06195927858085
17.72 1.08280084513275
17.73 1.16929176251088
17.74 1.26957349400308
17.75 1.38271851310776
17.76 1.46679665166647
17.77 1.43894468898418
17.78 1.55747299664488
17.79 1.48897199053646
17.8 1.52661340146391
17.81 1.45841096817247
17.82 1.51153117962844
17.83 1.56800918880022
17.84 1.54910828620508
17.85 1.54701613579403
17.86 1.59549115733095
17.87 1.44666837689422
17.88 1.56496739049754
17.89 1.5930035685516
17.9 1.65630818558196
17.91 1.6279410004159
17.92 1.38198991266094
17.93 1.466139560947
17.94 1.42998413494753
17.95 1.49961710515584
17.96 1.74540894856559
17.97 1.5852807245656
17.98 1.74977397145064
17.99 1.69366078337132
18 1.67913560967642
18.01 1.60337865341027
18.02 1.53422244882493
18.03 1.38641964215773
18.04 1.39741985011458
18.05 1.44934408198419
18.06 1.42239511164657
18.07 1.22504824586362
18.08 1.17821962788966
18.09 1.22124647726038
18.1 1.13938729590825
18.11 1.07500862928018
18.12 0.952988587426041
18.13 1.01119737026767
18.14 0.943848193877727
18.15 1.2521807147304
18.16 1.3630189107769
18.17 1.34000996753367
18.18 1.3368895957872
18.19 1.2505834169481
18.2 1.27953947016645
18.21 1.27756777985755
18.22 1.07928487435118
18.23 0.88697606562161
18.24 0.944727249801303
18.25 0.719983212158266
18.26 0.690513206700843
18.27 0.831147518082821
18.28 0.681238050636757
18.29 0.708751815650777
18.3 0.843830216403415
18.31 0.892419474783045
18.32 1.01497185173114
18.33 0.917349074312166
18.34 0.978744787266687
18.35 0.997069592320889
18.36 1.1319125434225
18.37 1.3952236379109
18.38 1.40481519361544
18.39 1.53063955882346
18.4 1.47551029315019
18.41 1.42713878209143
18.42 1.35682970150085
18.43 1.19546475383241
18.44 1.2015287802509
18.45 1.19523979326343
18.46 1.27220728065595
18.47 1.24524403299291
18.48 1.14062100948648
18.49 1.12549758121603
18.5 1.31946956219606
18.51 1.36802656579654
18.52 1.39648690177125
18.53 1.51735725275982
18.54 1.73293081851955
18.55 1.95081517232512
18.56 1.88104865748074
18.57 1.86136524373287
18.58 1.80319612285675
18.59 1.76817453014273
18.6 1.82050097229856
18.61 1.7475393383515
18.62 1.58598789324611
18.63 1.55003636365433
18.64 1.72504107584271
18.65 1.96114863713081
18.66 1.89506820089044
18.67 1.99995919796465
18.68 1.9716973592353
18.69 1.94491592759833
18.7 1.84143245242137
18.71 1.61882562379264
18.72 1.84192109497804
18.73 1.94222737004652
18.74 1.68302824148505
18.75 1.63112677937063
18.76 1.82332586237384
18.77 1.82947238780907
18.78 1.84721603361164
18.79 1.95416442152324
18.8 2.0830882324326
18.81 2.16283571114493
18.82 2.21227136229215
18.83 2.419526751854
18.84 2.67123692573156
18.85 2.69184746514559
18.86 2.64078356458717
18.87 2.62634947343022
18.88 2.66676208867645
18.89 2.53943358121719
18.9 2.62637491059962
18.91 2.40114361811499
18.92 2.73207519279085
18.93 2.30427029670465
18.94 2.3174635315197
18.95 2.29532178964992
18.96 2.3653093435462
18.97 2.28852720704164
18.98 2.6390748788596
18.99 2.59925510718841
19 2.5870345787139
19.01 2.75197094201447
19.02 2.85020549986916
19.03 2.86224524338754
19.04 2.81492909336531
19.05 2.75743127196929
19.06 2.514863740308
19.07 2.59961556577392
19.08 2.65573422315554
19.09 2.46903539705575
19.1 2.42491655259415
19.11 2.61112616951006
19.12 2.80089530371759
19.13 2.57851430552813
19.14 2.69151585901867
19.15 2.69540834224876
19.16 2.74223945791182
19.17 2.58038391945169
19.18 2.53131450951417
19.19 2.18850573790459
19.2 2.06727774027218
19.21 2.01251873892421
19.22 2.18730063926864
19.23 2.01885686386485
19.24 2.0515386552682
19.25 2.05391030215917
19.26 1.84797704878493
19.27 1.87790366365142
19.28 2.08573834510197
19.29 2.21064237805886
19.3 2.36675959375052
19.31 2.32021642986263
19.32 2.45291474593434
19.33 2.06707451787167
19.34 1.87621871908474
19.35 1.84350671038091
19.36 1.84980489130809
19.37 1.91161191791591
19.38 2.00226972986885
19.39 1.92716425326721
19.4 1.85103416809695
19.41 1.79500396999909
19.42 1.7117897847423
19.43 1.68835636139694
19.44 1.79549911079888
19.45 1.84963086180974
19.46 1.78138036893786
19.47 1.6811507633092
19.48 1.66079599022744
19.49 1.62738269180564
19.5 1.77665471056029
19.51 1.46625903813785
19.52 1.34372185880239
19.53 1.41229240464274
19.54 1.48690824964898
19.55 1.40265816657826
19.56 1.37391004598072
19.57 1.5807939837851
19.58 1.43683704048709
19.59 1.6455633037032
19.6 1.67976514447405
19.61 1.80899863643357
19.62 1.73012440027351
19.63 1.57547690400222
19.64 1.61971087127441
19.65 1.66713257865033
19.66 1.6055664815542
19.67 1.48838645334824
19.68 1.6421014527929
19.69 1.4643785591531
19.7 1.63268955837018
19.71 1.55037471390636
19.72 1.31045006242722
19.73 1.5569364519703
19.74 1.59862987828824
19.75 1.45744294182766
19.76 1.40757928398135
19.77 1.3092075401074
19.78 1.34217201475443
19.79 1.354267460112
19.8 1.20635807981967
19.81 1.23246486782984
19.82 1.15530734835015
19.83 1.22181685914097
19.84 1.28618158871822
19.85 1.27946001427459
19.86 1.1873391862181
19.87 1.13420473964244
19.88 1.02499852397596
19.89 1.10913931458544
19.9 1.25064783808046
19.91 1.25374110961933
19.92 1.28892443259081
19.93 1.26230737734197
19.94 1.28422881916724
19.95 1.49369589831426
19.96 1.52074575450985
19.97 1.68013085066443
19.98 1.70544242812907
19.99 1.51872069702642
20 1.36681566930662
